0.0 0.0
0.01 -0.047106117011267226
0.02 -0.08676217842201638
0.03 -0.11993002793493211
0.04 -0.1483914481862921
0.05 -0.1739457699691803
0.06 -0.197494837343655
0.07 -0.2188451803225822
0.08 -0.2371303258787604
0.09 -0.251358184820162
0.1 -0.260782434914792
0.11 -0.2650814128688808
0.12 -0.26441060521227083
0.13 -0.2593635658047504
0.14 -0.25085764590536497
0.15 -0.2399712873982765
0.16 -0.2277725025482439
0.17 -0.21517833377878595
0.18 -0.20287140884061183
0.19 -0.19127897164211496
0.2 -0.18060157470073365
0.21 -0.17086956481465543
0.22 -0.1620061431892681
0.23 -0.15388231759733792
0.24 -0.14635689522789797
0.25 -0.1393008100192537
0.26 -0.13260857461148706
0.27 -0.12620085306340753
0.28 -0.12002191007013491
0.29 -0.11403479943762448
0.3 -0.10821614573153132
0.31 -0.10255152370848977
0.32 -0.09703184006051796
0.33 -0.09165075779810225
0.34 -0.08640301985788902
0.35000000000000003 -0.08128346357492551
0.36 -0.07628652014806507
0.37 -0.0714060269083295
0.38 -0.06663522279348699
0.39 -0.06196683720969936
0.4 -0.05739321460793702
0.41000000000000003 -0.05290644075100517
0.42 -0.048498452811825736
0.43 -0.04416112578081697
0.44 -0.03988633381383829
0.45 -0.03566598848614549
0.46 -0.031492057455992796
0.47000000000000003 -0.027356567499762733
0.48 -0.02325159573581554
0.49 -0.019169252408742947
0.5 -0.015101658043320256
0.51 -0.011040917203979381
0.52 -0.006979090565597253
0.53 -0.00290816653968825
0.54 0.0011799666912400968
0.55 0.00529354820865013
0.56 0.009440970229779546
0.5700000000000001 0.01363080286113553
0.58 0.017871818076773422
0.59 0.022173013621648363
0.6 0.026543637995422035
0.61 0.030993218260359372
0.62 0.035531593162289016
0.63 0.040168954955041844
0.64 0.04491590433278212
0.65 0.04978352389079141
0.66 0.054783476342997586
0.67 0.05992813398121853
0.68 0.06523074505255713
0.6900000000000001 0.07070564015071991
0.7000000000000001 0.07636847645903573
0.71 0.08223650868968657
0.72 0.08832886174079913
0.73 0.09466676053600659
0.74 0.1012736468748897
0.75 0.10817508215534645
0.76 0.11539830105673295
0.77 0.12297124975795458
0.78 0.13092092124942703
0.79 0.13927080140960654
0.8 0.14803727704702616
0.81 0.1572249457910069
0.8200000000000001 0.16682091846531844
0.8300000000000001 0.1767884180437539
0.84 0.18706023785316203
0.85 0.19753288202192917
0.86 0.20806240314736982
0.87 0.2184629889891126
0.88 0.22850910867334723
0.89 0.23794126125355003
0.9 0.2464750808564744
0.91 0.2538274576966817
0.92 0.25986342553107933
0.93 0.2652664230237482
0.9400000000000001 0.2736544308763293
0.9500000000000001 0.29604794785360306
0.96 0.3559103057624719
0.97 0.4864291855909481
0.98 0.7091448288483813
0.99 1.0
