0.0 0.0
0.01 0.05989014513091053
0.02 0.1077392261699467
0.03 0.14404360593903265
0.04 0.17089407185396358
0.05 0.19124479846330367
0.06 0.20762347720729007
0.07 0.22144356086009762
0.08 0.23309759602772115
0.09 0.2424237289584133
0.1 0.24912530051566786
0.11 0.2529963869219146
0.12 0.25399505466610345
0.13 0.25224644405068286
0.14 0.2480174158111429
0.15 0.24168238359153946
0.16 0.23368103601278598
0.17 0.22447676814778708
0.18 0.21451487672092825
0.19 0.20419138314380664
0.2 0.19382922263276484
0.21 0.1836704286668917
0.22 0.17387542674422
0.23 0.16453500752673345
0.24 0.15568260275828824
0.25 0.14731274540152234
0.26 0.13939351942627654
0.27 0.13188140502387358
0.28 0.12472770635056775
0.29 0.1178870629422999
0.3 0.11131802820798836
0.31 0.10498695315128932
0.32 0.09886533062603862
0.33 0.09293154506551993
0.34 0.0871672976317359
0.35000000000000003 0.08155882671948171
0.36 0.07609364425225969
0.37 0.07076182015247218
0.38 0.0655534213227449
0.39 0.060459869527387404
0.4 0.05547207715485559
0.41000000000000003 0.05058169646436385
0.42 0.04577984147855614
0.43 0.041058059026310066
0.44 0.03640753965070303
0.45 0.03181971489068506
0.46 0.02728589201590512
0.47000000000000003 0.022797452328086696
0.48 0.018345860300684764
0.49 0.013922487936327705
0.5 0.009518946399588502
0.51 0.005126594376580779
0.52 0.0007371270198293228
0.53 -0.003658152142071801
0.54 -0.00806756686905097
0.55 -0.012499938813146693
0.56 -0.016963744980093474
0.5700000000000001 -0.021468027946507835
0.58 -0.02602158291909598
0.59 -0.0306338005687842
0.6 -0.035313994933416866
0.61 -0.04007207212322371
0.62 -0.0449181038731521
0.63 -0.04986271856955627
0.64 -0.05491700561315316
0.65 -0.06009252862392567
0.66 -0.06540160935303582
0.67 -0.07085686299231622
0.68 -0.07647185503552562
0.6900000000000001 -0.08226005329665322
0.7000000000000001 -0.08823578005477967
0.71 -0.09441246939565817
0.72 -0.10080376621408156
0.73 -0.10742099326734154
0.74 -0.11427422395743661
0.75 -0.12136897173260547
0.76 -0.12870721985012545
0.77 -0.13628378905458524
0.78 -0.14408812319399542
0.79 -0.15210248790714556
0.8 -0.16030851214920558
0.81 -0.16869525159035753
0.8200000000000001 -0.17728421893823543
0.8300000000000001 -0.18616896224345275
0.84 -0.19558527255749475
0.85 -0.20600081903496528
0.86 -0.21820476917866596
0.87 -0.23331187604949044
0.88 -0.25254479458446805
0.89 -0.2766163597982014
0.9 -0.3046753110329659
0.91 -0.3331450991304885
0.92 -0.3552352729440084
0.93 -0.3619245973980945
0.9400000000000001 -0.3446580233128345
0.9500000000000001 -0.29916839504239556
0.96 -0.2289095430724442
0.97 -0.14559756186686038
0.98 -0.06498886140171789
0.99 0.0
