0.0 0.0
0.01 -0.004211506336625184
0.02 -0.007969924007351713
0.03 -0.01133203427053328
0.04 -0.014365042739222593
0.05 -0.017147725386498763
0.06 -0.019777212632502154
0.07 -0.02237445897614385
0.08 -0.02509001177635025
0.09 -0.02810727073886032
0.1 -0.03164408650145205
0.11 -0.03594890314749451
0.12 -0.041291627827279354
0.13 -0.04794556690898392
0.14 -0.05616147432353532
0.15 -0.06613241046186817
0.16 -0.0779535938039164
0.17 -0.09158042545491821
0.18 -0.1067927509005124
0.19 -0.1231726758091336
0.2 -0.1401052026644086
0.21 -0.15680908410879346
0.22 -0.17240156763000727
0.23 -0.18599505436567576
0.24 -0.19681256540076197
0.25 -0.20430207788437788
0.26 -0.2082224200496994
0.27 -0.20867995705074718
0.28 -0.20610383788103645
0.29 -0.20116593183766152
0.3 -0.19466336328592687
0.31 -0.18739170579100536
0.32 -0.18003520146561403
0.33 -0.17309392948836988
0.34 -0.16685536034230078
0.35000000000000003 -0.16140663563044325
0.36 -0.1566755402813112
0.37 -0.15248519338390995
0.38 -0.14860874345369363
0.39 -0.1448145072137914
0.4 -0.14089690963567109
0.41000000000000003 -0.1366929032208124
0.42 -0.13208639908146963
0.43 -0.12700454403505348
0.44 -0.12140969302869208
0.45 -0.11529017414720162
0.46 -0.10865189274316105
0.47000000000000003 -0.10151181171726692
0.48 -0.09389357869734591
0.49 -0.08582506526034457
0.5 -0.07733735454485755
0.51 -0.06846463588022934
0.52 -0.05924454158620788
0.53 -0.049718549543091496
0.54 -0.03993223024388549
0.55 -0.029935205583860692
0.56 -0.019780811139422594
0.5700000000000001 -0.009525482140068816
0.58 0.0007720509748383385
0.59 0.011051707638714353
0.6 0.02125308042855022
0.61 0.031316558975398916
0.62 0.041184594083400625
0.63 0.05080323396627495
0.64 0.06012404710888135
0.65 0.06910655251139758
0.66 0.07772111793225893
0.67 0.08595211180440121
0.68 0.09380076510891343
0.6900000000000001 0.1012869348781964
0.7000000000000001 0.10844871835055529
0.71 0.11533890677318635
0.72 0.1220175844546278
0.73 0.1285408963492844
0.74 0.13494700756632644
0.75 0.14124133163681452
0.76 0.14738398405039202
0.77 0.15328258954417495
0.78 0.15879313995712704
0.79 0.16373009222563112
0.8 0.16788528965967817
0.81 0.17105313953105408
0.8200000000000001 0.1730584761718275
0.8300000000000001 0.17378246986427107
0.84 0.17318278212449376
0.85 0.1713044500295358
0.86 0.16828028146492602
0.87 0.16432022050806686
0.88 0.15969212705485322
0.89 0.15469877720659095
0.9 0.14967344256683127
0.91 0.1450718341159858
0.92 0.14187933415530152
0.93 0.14274765658900573
0.9400000000000001 0.15430718296033097
0.9500000000000001 0.19043569687951853
0.96 0.27428810907792417
0.97 0.433761573888827
0.98 0.6840648883360253
0.99 1.0
