0.0 0.0
0.01 0.01713235066679267
0.02 0.03082146064577781
0.03 0.04153783072992522
0.04 0.04975759306373905
0.05 0.05594792984237787
0.06 0.06054905348328129
0.07 0.06395681536066192
0.08 0.06651183555267903
0.09 0.06849702435447101
0.1 0.0701427621282916
0.11 0.07163788836455409
0.12 0.0731441110275122
0.13 0.07481148232269666
0.14 0.07679234358081886
0.15 0.0792511500953925
0.16 0.08236730863520227
0.17 0.08632871019546004
0.18 0.09131452156975575
0.19 0.09746818799807766
0.2 0.10486411396502965
0.21 0.11347464264788758
0.22 0.12314507732630171
0.23 0.1335844464551224
0.24 0.14437622118949256
0.25 0.15500973617239439
0.26 0.16492803418105384
0.27 0.17358607568335563
0.28 0.18051065386771065
0.29 0.18535463543647143
0.3 0.18793698356681549
0.31 0.1882632024906003
0.32 0.18652091796863665
0.33 0.18305104301732464
0.34 0.1782966582803456
0.35000000000000003 0.17273891947303974
0.36 0.1668297727942232
0.37 0.16093528626397846
0.38 0.1552981262944382
0.39 0.15002595228046603
0.4 0.14510313315102175
0.41000000000000003 0.14042108460143787
0.42 0.13581642195426696
0.43 0.13110921114171561
0.44 0.12613297417731462
0.45 0.12075425143105127
0.46 0.11488051801320641
0.47000000000000003 0.10845949657129507
0.48 0.1014727574445568
0.49 0.0939269598067495
0.5 0.08584572125034465
0.51 0.07726260814461663
0.52 0.0682173597902961
0.53 0.058752891331987744
0.54 0.048915455959224446
0.55 0.03875366197570895
0.56 0.028320101902728014
0.5700000000000001 0.017670200076864734
0.58 0.006863631685204562
0.59 -0.004037867743927014
0.6 -0.014969770509545724
0.61 -0.025867834938525743
0.62 -0.03666791784924528
0.63 -0.04730941775604695
0.64 -0.057735333659693376
0.65 -0.06789547572662505
0.66 -0.07774634582958383
0.67 -0.08725335799331377
0.68 -0.09638981896402617
0.6900000000000001 -0.10513720493959992
0.7000000000000001 -0.11348242519384603
0.71 -0.1214155769320604
0.72 -0.12892550959616791
0.73 -0.13599597967422963
0.74 -0.1426014278215372
0.75 -0.14870457832559375
0.76 -0.15425628173112652
0.77 -0.15919934663293495
0.78 -0.16347826178364722
0.79 -0.16705737342523436
0.8 -0.16995221919649414
0.81 -0.17227814874707306
0.8200000000000001 -0.17431949897248122
0.8300000000000001 -0.17661143481448574
0.84 -0.1800085804419156
0.85 -0.18568216207271132
0.86 -0.19495944466500043
0.87 -0.208915943329434
0.88 -0.22770939746148064
0.89 -0.24982703589494099
0.9 -0.2716316968152275
0.91 -0.2876166680566126
0.92 -0.2915259496807983
0.93 -0.27815690313098806
0.9400000000000001 -0.24542321625120395
0.9500000000000001 -0.195984918434968
0.96 -0.13736944182676428
0.97 -0.07971011274934085
0.98 -0.032072964311743446
0.99 0.0
