0.0 0.0
0.01 0.05590204682716511
0.02 0.10371259425362887
0.03 0.14379650462504204
0.04 0.17679270721554952
0.05 0.20366016152868832
0.06 0.22555379262377054
0.07 0.2436336918373503
0.08 0.25889530459664317
0.09 0.27207023876732656
0.1 0.28360683507447143
0.11 0.293711122101282
0.12 0.30241768541719594
0.13 0.30966346998910366
0.14 0.31534824639674114
0.15 0.3193763445905655
0.16 0.3216813406660302
0.17 0.3222381808298003
0.18 0.3210671198110814
0.19 0.3182326047803884
0.2 0.313838961099036
0.21 0.3080239307367199
0.22 0.30095073283844365
0.23 0.29279924276808994
0.24 0.2837568950754406
0.25 0.2740099484458869
0.26 0.2637356921928019
0.27 0.2530960750875071
0.28 0.24223305379005988
0.29 0.23126578357694094
0.3 0.22028957634373897
0.31 0.20937641820548525
0.32 0.19857672311294325
0.33 0.1879219652124038
0.34 0.17742781665032445
0.35000000000000003 0.16709746663164554
0.36 0.15692484411930102
0.37 0.1468975500098187
0.38 0.13699936590557793
0.39 0.12721228229871198
0.4 0.11751803403685053
0.41000000000000003 0.10789917869638153
0.42 0.09833977332100165
0.43 0.08882572379985486
0.44 0.07934488124472232
0.45 0.06988695830969022
0.46 0.06044332911562436
0.47000000000000003 0.05100676493834254
0.48 0.04157114806598696
0.49 0.032131191938465274
0.5 0.022682190465268023
0.51 0.01321980594819139
0.52 0.0037399057600099087
0.53 -0.005761553824171187
0.54 -0.015288592456531554
0.55 -0.024845225527911154
0.56 -0.03443543631215336
0.5700000000000001 -0.04406310788877401
0.58 -0.05373191226518234
0.59 -0.06344516457035325
0.6 -0.07320564124562044
0.61 -0.08301537274118678
0.62 -0.0928754157052207
0.63 -0.10278562362678924
0.64 -0.11274443593550429
0.65 -0.12274872447506187
0.66 -0.13279374858340465
0.67 -0.1428732984027413
0.68 -0.15298013589495835
0.6900000000000001 -0.16310688595691766
0.7000000000000001 -0.17324758059190182
0.71 -0.18340011196274864
0.72 -0.19356990214197556
0.73 -0.20377511305983867
0.74 -0.21405368088512838
0.75 -0.22447227732344133
0.76 -0.23513691944542262
0.77 -0.2462042207787592
0.78 -0.25789112592955393
0.79 -0.2704792797541159
0.8 -0.28430806090778554
0.81 -0.29974804266682514
0.8200000000000001 -0.31714509918071887
0.8300000000000001 -0.3367259713147684
0.84 -0.3584610664240841
0.85 -0.38189187888726855
0.86 -0.40594980414755705
0.87 -0.42881746486466715
0.88 -0.44790415752475454
0.89 -0.46000936147889254
0.9 -0.46171893495731575
0.91 -0.4500139372492577
0.92 -0.42298464038657296
0.93 -0.3804616174696155
0.9400000000000001 -0.32434369981512096
0.9500000000000001 -0.2584592323617914
0.96 -0.1879474117440182
0.97 -0.11832601698803627
0.98 -0.054510218624442705
0.99 0.0
