0.0 0.0
0.01 -0.031134837458424904
0.02 -0.05970741457387186
0.03 -0.08608431820918798
0.04 -0.11066376445643297
0.05 -0.13388165060911802
0.06 -0.15616250662053155
0.07 -0.1778465724436927
0.08 -0.1991244354911611
0.09 -0.22000131986735727
0.1 -0.24029881998374486
0.11 -0.25968866598863755
0.12 -0.27774570846108937
0.13 -0.29400679115841877
0.14 -0.30802607249443287
0.15 -0.3194219396600019
0.16 -0.3279134924903081
0.17 -0.33334542427092567
0.18 -0.3357001578153011
0.19 -0.3350965002835319
0.2 -0.3317752825337049
0.21 -0.32607412386171125
0.22 -0.3183949819124935
0.23 -0.3091689916577983
0.24 -0.2988230540969141
0.25 -0.2877517987608519
0.26 -0.27629720949275516
0.27 -0.2647367322576805
0.28 -0.25327939061370736
0.29 -0.2420685162189382
0.3 -0.23118922339882472
0.31 -0.2206786759762293
0.32 -0.210537405867552
0.33 -0.20074032216675314
0.34 -0.1912464856002311
0.35000000000000003 -0.18200713506775032
0.36 -0.17297179239340732
0.37 -0.16409251884953216
0.38 -0.1553265534136351
0.39 -0.14663764118816586
0.4 -0.13799637945891063
0.41000000000000003 -0.1293798876209935
0.42 -0.12077106257483147
0.43 -0.11215762654285744
0.44 -0.10353111907762559
0.45 -0.09488593529215096
0.46 -0.08621847113673493
0.47000000000000003 -0.07752640484294883
0.48 -0.06880812101870439
0.49 -0.060062269071620523
0.5 -0.051287439085593176
0.51 -0.04248193438100048
0.52 -0.033643619327600856
0.53 -0.02476982239050147
0.54 -0.015857277002150783
0.55 -0.006902086062955125
0.56 0.0021003007001409767
0.5700000000000001 0.011155103852051615
0.58 0.020268229824019907
0.59 0.029446285661961877
0.6 0.03869659048098434
0.61 0.04802717802726152
0.62 0.057446781675631824
0.63 0.06696479022486913
0.64 0.07659116010358624
0.65 0.08633626725063252
0.66 0.09621068024696408
0.67 0.1062248355869812
0.68 0.11638859668432791
0.6900000000000001 0.1267106807406757
0.7000000000000001 0.13719794238445382
0.71 0.1478545103519452
0.72 0.15868078361652552
0.73 0.16967230619398366
0.74 0.18081855491355756
0.75 0.1921016908247142
0.76 0.20349534114000348
0.77 0.21496349266598147
0.78 0.22645958706500063
0.79 0.23792591044169803
0.8 0.2492933629690005
0.81 0.2604816806030729
0.8200000000000001 0.2714001746405406
0.8300000000000001 0.2819491065859253
0.84 0.29202207392514606
0.85 0.3015106225674267
0.86 0.31031452769399726
0.87 0.3183661606513004
0.88 0.3256865982671917
0.89 0.3325044765364796
0.9 0.3394803470448538
0.91 0.34807349522489467
0.92 0.3610377522420773
0.93 0.3829102552053474
0.9400000000000001 0.42016240313818065
0.9500000000000001 0.48048645049353217
0.96 0.5706788117753837
0.97 0.6930440311028981
0.98 0.841443408333294
0.99 1.0
