0.0 0.0
0.01 -0.04706844791961156
0.02 -0.08669652252367724
0.03 -0.11985429867046063
0.04 -0.14832758516526512
0.05 -0.17391381592374652
0.06 -0.19750929294392336
0.07 -0.2189146282779377
0.08 -0.2372588547168962
0.09 -0.25154679018141013
0.1 -0.2610298060982186
0.11 -0.2653844781137563
0.12 -0.2647652196571022
0.13 -0.2597653557177364
0.14 -0.25130279601950495
0.15 -0.24045704166826734
0.16 -0.2282972494904627
0.17 -0.21574129311872076
0.18 -0.20347206706494236
0.19 -0.19191647724076333
0.2 -0.18127428004935636
0.21 -0.17157481635138477
0.22 -0.16274032316615802
0.23 -0.15464106931578278
0.24 -0.14713543511783975
0.25 -0.1400942382918682
0.26 -0.1334121251754203
0.27 -0.12701005667500806
0.28 -0.12083267160700459
0.29 -0.11484340651437251
0.3 -0.10901923211790329
0.31 -0.10334601002159677
0.32 -0.09781486930932154
0.33 -0.09241963727272338
0.34 -0.0871551753096834
0.35000000000000003 -0.08201640743842949
0.36 -0.0769978328709081
0.37 -0.07209334906594464
0.38 -0.06729625521545367
0.39 -0.06259934647657314
0.4 -0.05799504170582308
0.41000000000000003 -0.05347551119796957
0.42 -0.04903278707922108
0.43 -0.044658849265567076
0.44 -0.040345685955120704
0.45 -0.03608533086425509
0.46 -0.03186988087305959
0.47000000000000003 -0.027691498136852045
0.48 -0.023542400522814547
0.49 -0.019414843746971486
0.5 -0.015301097998803581
0.51 -0.01119342125345773
0.52 -0.007084030938248952
0.53 -0.0029650751632560616
0.54 0.0011713956544113122
0.55 0.005333456258575102
0.56 0.00952933287364424
0.5700000000000001 0.013767428396322008
0.58 0.01805634676316006
0.59 0.022404917143195046
0.6 0.026822219052239277
0.61 0.03131761007162882
0.62 0.035900758605491315
0.63 0.04058168502802912
0.64 0.04537081561610611
0.65 0.05027905472532694
0.66 0.05531788154300351
0.67 0.06049947809696286
0.68 0.06583689449950629
0.6900000000000001 0.07134425494484513
0.7000000000000001 0.07703700283464898
0.71 0.0829321744958002
0.72 0.0890486771473947
0.73 0.09540752712635675
0.74 0.10203197850593361
0.75 0.10894744085662625
0.76 0.11618105051966408
0.77 0.1237607274774765
0.78 0.13171352803461595
0.79 0.14006310383892281
0.8 0.14882611478571034
0.81 0.15800753206085283
0.8200000000000001 0.16759491918102423
0.8300000000000001 0.17755199421580667
0.84 0.18781203778360614
0.85 0.19827197520399345
0.86 0.20878815638371578
0.87 0.21917489592429887
0.88 0.22920659536598376
0.89 0.23862349722940923
0.9 0.2471407794270373
0.91 0.25447438179221876
0.92 0.26048667388963676
0.93 0.26585432369344975
0.9400000000000001 0.27418350793629986
0.9500000000000001 0.29648483139601967
0.96 0.3562292402944374
0.97 0.4866328957632849
0.98 0.7092520446064716
0.99 1.0
