0.0 0.0
0.01 0.06000443538989106
0.02 0.10793376337029456
0.03 0.1442878364450562
0.04 0.17116817567827394
0.05 0.19154075664286918
0.06 0.20794051467288688
0.07 0.22178249895381844
0.08 0.233458089115747
0.09 0.24280383341899464
0.1 0.24952250741641951
0.11 0.25340823265567247
0.12 0.2544198966503518
0.13 0.2526834737673357
0.14 0.24846713056509764
0.15 0.24214619679930707
0.16 0.23416151696430057
0.17 0.22497683044272204
0.18 0.21503784675610144
0.19 0.2047399505006362
0.2 0.194405611989395
0.21 0.18427542834590785
0.22 0.17450891213563324
0.23 0.16519521074514856
0.24 0.15636699905682389
0.25 0.14801749314633622
0.26 0.14011453679267946
0.27 0.13261381729640276
0.28 0.12546692461076892
0.29 0.11862813312148048
0.3 0.11205660778542155
0.31 0.10571855747020319
0.32 0.09958618684531798
0.33 0.09363779647186456
0.34 0.08785575148339318
0.35000000000000003 0.08222619091083964
0.36 0.07673718447101059
0.37 0.07137868588544413
0.38 0.06614121238510591
0.39 0.0610160840081434
0.4 0.05599457564615233
0.41000000000000003 0.051068285669865245
0.42 0.046228621979816975
0.43 0.041467146793824926
0.44 0.036775287999623055
0.45 0.03214456927548062
0.46 0.027566485120321328
0.47000000000000003 0.02303258235995582
0.48 0.018534467083999244
0.49 0.014063739912469316
0.5 0.009612113734036165
0.51 0.00517122470449852
0.52 0.0007328384534017294
0.53 -0.0037114314925882253
0.54 -0.008169857644512685
0.55 -0.012650936417159803
0.56 -0.017163097830168447
0.5700000000000001 -0.021715061520186676
0.58 -0.026315563117355042
0.59 -0.030973689965254198
0.6 -0.03569866682672046
0.61 -0.04050013301694345
0.62 -0.045388026193172414
0.63 -0.05037276124466723
0.64 -0.05546523845285015
0.65 -0.060676878505823234
0.66 -0.0660197567442006
0.67 -0.07150643444618218
0.68 -0.0771501816194789
0.6900000000000001 -0.08296452054635567
0.7000000000000001 -0.08896344786971583
0.71 -0.09516057796743753
0.72 -0.10156922552489325
0.73 -0.10820102759070482
0.74 -0.11506574435618092
0.75 -0.12216932206751988
0.76 -0.12951344422297117
0.77 -0.13709341550417298
0.78 -0.14489832057690336
0.79 -0.1529107770452435
0.8 -0.16111175419355417
0.81 -0.16949010173953705
0.8200000000000001 -0.17806583198428444
0.8300000000000001 -0.18693104896161955
0.84 -0.19631869665966842
0.85 -0.20669388321792484
0.86 -0.21884319597593732
0.87 -0.2338816512199692
0.88 -0.25303606756335717
0.89 -0.27702972504224777
0.9 -0.3050259422187437
0.91 -0.33346242120357844
0.92 -0.3555540901096813
0.93 -0.36227058743699536
0.9400000000000001 -0.34503230504279864
0.9500000000000001 -0.29953987418639266
0.96 -0.22922349972073588
0.97 -0.14580464321795825
0.98 -0.06507712898686689
0.99 0.0
