0.0 0.0
0.01 -0.04703870401091094
0.02 -0.08665688945632838
0.03 -0.11988760682936782
0.04 -0.14855823329884074
0.05 -0.17446367122984446
0.06 -0.1984619122147918
0.07 -0.22030524997499304
0.08 -0.23908431903884217
0.09 -0.2537799787913546
0.1 -0.2636307772595806
0.11 -0.26830911243778094
0.12 -0.2679732627638752
0.13 -0.26322737611897096
0.14 -0.2550043870317524
0.15 -0.24439909020636214
0.16 -0.2324922973497557
0.17 -0.22020720272946356
0.18 -0.20822491582503164
0.19 -0.19696459650034
0.2 -0.18661470965185445
0.21 -0.1771925215074036
0.22 -0.16860971574846653
0.23 -0.1607289279366617
0.24 -0.15340425554546414
0.25 -0.14650525411370682
0.26 -0.1399275610390902
0.27 -0.1335944840413344
0.28 -0.1274535580500564
0.29 -0.12147106609795205
0.3 -0.11562641281878222
0.31 -0.1099073253996908
0.32 -0.10430622615932005
0.33 -0.09881775158254602
0.34 -0.09343721872190736
0.35000000000000003 -0.08815979073828413
0.36 -0.08298011165054668
0.37 -0.07789222676846513
0.38 -0.07288965660476289
0.39 -0.06796553692993058
0.4 -0.06311277213665915
0.41000000000000003 -0.05832417331036774
0.42 -0.05359256816745164
0.43 -0.04891087952021841
0.44 -0.044272174136312015
0.45 -0.0396696863097159
0.46 -0.03509682124895301
0.47000000000000003 -0.030547143244901456
0.48 -0.026014352977317936
0.49 -0.021492257537780134
0.5 -0.01697473595594213
0.51 -0.012455702300363719
0.52 -0.007929067828358324
0.53 -0.0033887031865166574
0.54 0.0011715986887535746
0.55 0.0057581585789613435
0.56 0.010377445696585623
0.5700000000000001 0.015036111058251835
0.58 0.019741019641716415
0.59 0.024499281679143
0.6 0.02931828378101716
0.61 0.03420572109513828
0.62 0.03916963243441762
0.63 0.04421844128620651
0.64 0.04936100684158591
0.65 0.054606690581105476
0.66 0.05996544534926875
0.67 0.06544793490878614
0.68 0.07106569215625103
0.6900000000000001 0.0768313227136593
0.7000000000000001 0.08275875643830848
0.71 0.0888635412193735
0.72 0.09516315985131402
0.73 0.10167733050209239
0.74 0.10842822360267454
0.75 0.11544049329299685
0.76 0.12274098227182187
0.77 0.13035792027394028
0.78 0.13831940739244808
0.79 0.14665096702669525
0.8 0.1553719856839421
0.81 0.16449094544372095
0.8200000000000001 0.17399951315586504
0.8300000000000001 0.18386578090158978
0.84 0.19402723729850374
0.85 0.20438434228091043
0.86 0.21479580126882253
0.87 0.22507669208935613
0.88 0.23500036584788248
0.89 0.2443042408626292
0.9 0.2526988548711968
0.91 0.2598913390992045
0.92 0.2657207360459888
0.93 0.27080449452221833
0.9400000000000001 0.2786430869547841
0.9500000000000001 0.3001530336283956
0.96 0.35886547150310577
0.97 0.4882599773171513
0.98 0.7100750050001066
0.99 1.0
