0.0 0.0
0.01 0.06106273049677089
0.02 0.10974842955726019
0.03 0.1465822307742605
0.04 0.17375732913531342
0.05 0.19434428250006383
0.06 0.21094127771883592
0.07 0.22497675225521033
0.08 0.23682951968045696
0.09 0.24632214876172046
0.1 0.253152366274529
0.11 0.25711778344884256
0.12 0.2581863524056245
0.13 0.2564961046344677
0.14 0.25232855477149946
0.15 0.2460717716952618
0.16 0.2381771651938048
0.17 0.22911517873187404
0.18 0.21933364270675954
0.19 0.20922507996431877
0.2 0.19910497915820619
0.21 0.189203792907744
0.22 0.1796695254487241
0.23 0.17057966847775918
0.24 0.16195661805714906
0.25 0.15378519341371746
0.26 0.1460273914016344
0.27 0.13863526333145512
0.28 0.13155897763914792
0.29 0.12475283260465855
0.3 0.11817726102267927
0.31 0.11180022339969088
0.32 0.10559607000431356
0.33 0.09954510229408936
0.34 0.09363164174501831
0.35000000000000003 0.08784342787098214
0.36 0.08216999752994818
0.37 0.07660247199399628
0.38 0.07113248366040624
0.39 0.06575231575556624
0.4 0.06045426069052402
0.41000000000000003 0.055230913956123014
0.42 0.05007480113062584
0.43 0.04497866168294765
0.44 0.03993523768619825
0.45 0.03493745986483681
0.46 0.02997834818868228
0.47000000000000003 0.025051071689498123
0.48 0.020148941698279726
0.49 0.015265350534288343
0.5 0.010393846401415092
0.51 0.005527972193096912
0.52 0.0006614074933984795
0.53 -0.00421226416635342
0.54 -0.00909936829328367
0.55 -0.014006412622900056
0.56 -0.01893988444258368
0.5700000000000001 -0.02390653283780188
0.58 -0.028913184660805415
0.59 -0.0339670059650582
0.6 -0.03907537227517122
0.61 -0.044246081731356884
0.62 -0.049487311314304595
0.63 -0.054807755202360614
0.64 -0.06021668633278517
0.65 -0.06572398894304783
0.66 -0.07134032022451811
0.67 -0.07707699070671234
0.68 -0.08294618011745061
0.6900000000000001 -0.08896058960475386
0.7000000000000001 -0.09513361032555544
0.71 -0.10147863189953248
0.72 -0.1080090058408187
0.73 -0.11473686904292169
0.74 -0.12167273052859731
0.75 -0.1288237280488026
0.76 -0.13619282069009264
0.77 -0.14377676766502126
0.78 -0.15156567018166892
0.79 -0.15954250886922464
0.8 -0.16768681480724418
0.81 -0.17598330206711207
0.8200000000000001 -0.1844432650423063
0.8300000000000001 -0.19314430819953823
0.84 -0.2022984159466809
0.85 -0.21234630098367
0.86 -0.22405483528282316
0.87 -0.23853987176823896
0.88 -0.2570696537179207
0.89 -0.28046373995622587
0.9 -0.308024885112566
0.91 -0.33632186352464233
0.92 -0.3586133756398731
0.93 -0.36576310197685175
0.9400000000000001 -0.3489322555912999
0.9500000000000001 -0.3034879275842689
0.96 -0.23262013843367174
0.97 -0.14810273644590968
0.98 -0.06610158339229952
0.99 0.0
