0.0 0.0
0.01 -0.004184910112221914
0.02 -0.007917355973834148
0.03 -0.011262337818695374
0.04 -0.0142797100724276
0.05 -0.017046454999424872
0.06 -0.019657886597802127
0.07 -0.02223278447729368
0.08 -0.024919148972198796
0.09 -0.02789753971997893
0.1 -0.031382825740972876
0.11 -0.03562065890329166
0.12 -0.04087879065532998
0.13 -0.04742962714968085
0.14 -0.05552493991974427
0.15 -0.06536138781404531
0.16 -0.07704082514999755
0.17 -0.09052844803824286
0.18 -0.1056166451615881
0.19 -0.1219017636819567
0.2 -0.1387830275930909
0.21 -0.15549108679932847
0.22 -0.17115022268245364
0.23 -0.1848727358935278
0.24 -0.19587319042277818
0.25 -0.2035831360732046
0.26 -0.20773926555030967
0.27 -0.2084237848608194
0.28 -0.206043917175065
0.29 -0.20125554407351576
0.3 -0.19484801151683837
0.31 -0.18761769726904637
0.32 -0.18025683108264776
0.33 -0.17327807075018437
0.34 -0.16698307564944267
0.35000000000000003 -0.16147216267516576
0.36 -0.15668349164382886
0.37 -0.15244695826228152
0.38 -0.14853895724577976
0.39 -0.14472817418707712
0.4 -0.14080744743651905
0.41000000000000003 -0.13661111151114955
0.42 -0.13202018325243403
0.43 -0.12695915095410593
0.44 -0.12138821894302738
0.45 -0.1152941528482367
0.46 -0.10868183673895049
0.47000000000000003 -0.10156763996981018
0.48 -0.09397491127094956
0.49 -0.08593139551498431
0.5 -0.0774681248834972
0.51 -0.06861924797609213
0.52 -0.05942232961939794
0.53 -0.04991873959647419
0.54 -0.04015390175105223
0.55 -0.03017726452497804
0.56 -0.020041978756222028
0.5700000000000001 -0.009804299320586326
0.58 0.0004772066822182573
0.59 0.010742596464609878
0.6 0.020931571440274018
0.61 0.03098460218588034
0.62 0.04084419753574521
0.63 0.050456447437261874
0.64 0.059772951987042834
0.65 0.06875325386574765
0.66 0.07736773211250218
0.67 0.08560074029628964
0.68 0.09345344538030861
0.6900000000000001 0.10094556122496327
0.7000000000000001 0.10811493177104549
0.71 0.11501396155068269
0.72 0.12170220902544195
0.73 0.12823517514495525
0.74 0.13465031431474658
0.75 0.1409523430506722
0.76 0.14710079045930421
0.77 0.15300290331671235
0.78 0.1585145785565895
0.79 0.16345049791133925
0.8 0.16760303194863663
0.81 0.17076735292168405
0.8200000000000001 0.17276918881220368
0.8300000000000001 0.17349060717236645
0.84 0.1728900398643203
0.85 0.1710130659972634
0.86 0.167992734981894
0.87 0.16403891794152972
0.88 0.15941911178620122
0.89 0.15443553220706285
0.9 0.14942084604299527
0.91 0.1448304374516378
0.92 0.1416501759641579
0.93 0.1425337678351278
0.9400000000000001 0.15411517574114653
0.9500000000000001 0.19027556285268102
0.96 0.27416909603537803
0.97 0.43368642134780566
0.98 0.6840257252318485
0.99 1.0
