0.0 0.0
0.01 0.017033965296496013
0.02 0.030667857542962723
0.03 0.04134869233656098
0.04 0.04954343051512018
0.05 0.05571691852083057
0.06 0.06030706261420559
0.07 0.06370752509588448
0.08 0.06625701887869373
0.09 0.0682368446591342
0.1 0.06987599149248079
0.11 0.07136198762731305
0.12 0.07285516064131757
0.13 0.07450400501018847
0.14 0.07645911771626439
0.15 0.07888316138041308
0.16 0.08195401899547132
0.17 0.08585880657003575
0.18 0.09077723359538481
0.19 0.09685511772170491
0.2 0.10417134215110539
0.21 0.11270470745743877
0.22 0.12230835263487375
0.23 0.13269950405519196
0.24 0.14346896132383935
0.25 0.15411131368527514
0.26 0.1640718453950306
0.27 0.17280420643534772
0.28 0.17983027374424074
0.29 0.18479482198201588
0.3 0.18750645240931674
0.31 0.18795931854337436
0.32 0.18633023236074756
0.33 0.18295134839425817
0.34 0.17826029993590425
0.35000000000000003 0.17273680201348848
0.36 0.1668353482411087
0.37 0.16092777210181133
0.38 0.15526441839694477
0.39 0.14996100278411162
0.4 0.1450089638254935
0.41000000000000003 0.14030485848698615
0.42 0.13568815246501514
0.43 0.1309796117038368
0.44 0.126011822301618
0.45 0.12064940518654042
0.46 0.11479756824344028
0.47000000000000003 0.1084018938018247
0.48 0.10144222554789432
0.49 0.09392400670677784
0.5 0.08587011391560874
0.51 0.07731373770415777
0.52 0.06829446878164967
0.53 0.05885518618420743
0.54 0.0490421229943111
0.55 0.0389038409638247
0.56 0.028492826710205324
0.5700000000000001 0.01786435411158177
0.58 0.007077903326476033
0.59 -0.0038049941224641156
0.6 -0.014720019282149197
0.61 -0.025603110923870902
0.62 -0.03639028017435683
0.63 -0.04702102951708628
0.64 -0.05743841738138322
0.65 -0.06759225071689963
0.66 -0.07743896927733174
0.67 -0.08694385237378993
0.68 -0.09608000183202593
0.6900000000000001 -0.10482861532152297
0.7000000000000001 -0.11317626063311552
0.71 -0.12111264828052072
0.72 -0.12862622479412072
0.73 -0.13570036983976685
0.74 -0.14230921773601765
0.75 -0.1484153121788904
0.76 -0.15396949744031085
0.77 -0.15891481488865122
0.78 -0.1631962967707053
0.79 -0.16677925685815725
0.8 -0.16968075201583832
0.81 -0.17201831076454405
0.8200000000000001 -0.17407902827067565
0.8300000000000001 -0.17640091514765804
0.84 -0.17984032331600946
0.85 -0.1855670539145264
0.86 -0.1949012330795795
0.87 -0.20890363033530246
0.88 -0.22771056751565433
0.89 -0.24978711118063815
0.9 -0.2714835291444655
0.91 -0.2873001066268686
0.92 -0.2910112449842403
0.93 -0.2774634497481817
0.9400000000000001 -0.24462573767506426
0.9500000000000001 -0.1952003047047693
0.96 -0.13672166977205072
0.97 -0.07928542314472119
0.98 -0.031888292529789426
0.99 0.0
