0.0 0.0
0.01 -0.008891511113345475
0.02 -0.017426868712444536
0.03 -0.025659548631487814
0.04 -0.03363843014214643
0.05 -0.04140830239297827
0.06 -0.04901024570326055
0.07 -0.05648189780820194
0.08 -0.06385761540530809
0.09 -0.07116854144452847
0.1 -0.0784425886873428
0.11 -0.08570435022626037
0.12 -0.09297494795210112
0.13 -0.100271830384269
0.14 -0.1076085318258276
0.15 -0.1149944054336296
0.16 -0.12243434346372283
0.17 -0.12992849860347225
0.18 -0.13747202088470445
0.19 -0.1450548251124895
0.2 -0.15266140398393402
0.21 -0.16027070203374816
0.22 -0.167856065164165
0.23 -0.17538527971817822
0.24 -0.18282071377648745
0.25 -0.19011957152860093
0.26 -0.1972342691465454
0.27 -0.2041129375330861
0.28 -0.21070005363432723
0.29 -0.21693719772054243
0.3 -0.22276392924966032
0.31 -0.2281187687548912
0.32 -0.23294026786675145
0.33 -0.23716814432593386
0.34 -0.24074445399989264
0.35000000000000003 -0.24361476780467506
0.36 -0.24572931842197313
0.37 -0.24704408009906526
0.38 -0.24752174490201986
0.39 -0.24713256072436152
0.4 -0.24585500018547093
0.41000000000000003 -0.2436762351926871
0.42 -0.24059239914650526
0.43 -0.23660862716264264
0.44 -0.23173887378355718
0.45 -0.2260055168914916
0.46 -0.21943876533471718
0.47000000000000003 -0.2120758955821536
0.48 -0.20396034905055113
0.49 -0.19514072624558282
0.5 -0.18566971630741425
0.51 -0.17560300090173211
0.52 -0.16499816974637022
0.53 -0.15391368164846325
0.54 -0.14240790008720394
0.55 -0.1305382265166595
0.56 -0.11836034811519318
0.5700000000000001 -0.10592761008418522
0.58 -0.09329051617028276
0.59 -0.08049635514145509
0.6 -0.06758894568877345
0.61 -0.05460848775078455
0.62 -0.04159150455710039
0.63 -0.028570856658406564
0.64 -0.015575806641878383
0.65 -0.0026321108375134965
0.66 0.010237888279478852
0.67 0.023015198534310683
0.68 0.03568417730834707
0.6900000000000001 0.04823263370333365
0.7000000000000001 0.06065208214483084
0.71 0.07293820718767807
0.72 0.08509161368337852
0.73 0.09711895404238878
0.74 0.10903454451620877
0.75 0.12086260370870511
0.76 0.13264026599040502
0.77 0.14442153523531007
0.78 0.15628234290702983
0.79 0.16832684851899105
0.8 0.18069505617196432
0.81 0.19357170159143575
0.8200000000000001 0.20719617154914496
0.8300000000000001 0.22187293434270103
0.84 0.23798157395438094
0.85 0.2559850310455805
0.86 0.27643408072733633
0.87 0.2999654701964853
0.88 0.32729059031838353
0.89 0.3591712057222993
0.9 0.39637881298854993
0.91 0.43963487662365885
0.92 0.4895307699078369
0.93 0.5464289624618498
0.9400000000000001 0.6103510056343724
0.9500000000000001 0.6808631775591687
0.96 0.7569770687916251
0.97 0.8370895232320288
0.98 0.9189936879399513
0.99 1.0
