0.0 0.0
0.01 0.023261190029802183
0.02 0.04456294634577296
0.03 0.06399327843278599
0.04 0.08164850114273539
0.05 0.09763147556813816
0.06 0.11204980466869559
0.07 0.12501396697742517
0.08 0.1366354171397054
0.09 0.14702470640863097
0.1 0.15628968567190052
0.11 0.16453385261880313
0.12 0.17185489688234018
0.13 0.17834348497829672
0.14 0.18408231278655363
0.15 0.18914543864509034
0.16 0.19359789617306788
0.17 0.19749557347265162
0.18 0.20088533510741538
0.19 0.20380535547491851
0.2 0.2062856271303857
0.21 0.20834860513612952
0.22 0.2100099484708873
0.23 0.21127932151401096
0.24 0.21216122224622033
0.25 0.21265580853677737
0.26 0.21275969927473407
0.27 0.2124667326484004
0.28 0.21176866921778442
0.29 0.21065583222753675
0.3 0.2091176816684572
0.31 0.20714332179299794
0.32 0.2047219440832942
0.33 0.20184320913177262
0.34 0.19849757158545375
0.35000000000000003 0.19467655242691215
0.36 0.19037296250906108
0.37 0.18558108068025797
0.38 0.18029678908415656
0.39 0.17451766754862755
0.4 0.16824304836088905
0.41000000000000003 0.16147403239197677
0.42 0.15421346735644947
0.43 0.14646588918551248
0.44 0.13823742783420695
0.45 0.12953567955536388
0.46 0.12036954845945146
0.47000000000000003 0.11074906129067578
0.48 0.10068516044006835
0.49 0.09018948158263614
0.5 0.07927412358835101
0.51 0.06795141987002493
0.52 0.05623372168579478
0.53 0.04413320551808659
0.54 0.031661718058839806
0.55 0.018830673992535404
0.56 0.005651023181572324
0.5700000000000001 -0.00786669451303128
0.58 -0.02171218728123684
0.59 -0.035875121465224015
0.6 -0.050344682194531795
0.61 -0.06510896263119875
0.62 -0.08015416062177787
0.63 -0.09546356322352445
0.64 -0.11101630320975689
0.65 -0.12678587729381638
0.66 -0.14273842463286998
0.67 -0.15883077638569018
0.68 -0.17500830393815958
0.6900000000000001 -0.19120261503268873
0.7000000000000001 -0.2073291743061779
0.71 -0.22328495718302133
0.72 -0.23894628333264206
0.73 -0.2541670158307576
0.74 -0.2687773519613303
0.75 -0.28258346620985575
0.76 -0.2953682892322332
0.77 -0.30689371025175405
0.78 -0.31690446582103843
0.79 -0.3251339165940799
0.8 -0.33131180951330474
0.81 -0.33517397363425905
0.8200000000000001 -0.3364737084930585
0.8300000000000001 -0.3349944077085946
0.84 -0.330562739751161
0.85 -0.32306151273215095
0.86 -0.3124412150662179
0.87 -0.29872918190021397
0.88 -0.28203541244100017
0.89 -0.26255426438066737
0.9 -0.2405615664553789
0.91 -0.2164070854663822
0.92 -0.1905027089360107
0.93 -0.16330709956232758
0.9400000000000001 -0.13530788606121164
0.9500000000000001 -0.10700263492194856
0.96 -0.07887988046572886
0.97 -0.05140138547375208
0.98 -0.024986596375934002
0.99 0.0
