0.0 0.0
0.01 0.003957301600387916
0.02 0.005449818677554577
0.03 0.006004844516850905
0.04 0.006200657212994259
0.05 0.006256142033349357
0.06 0.006254183439176747
0.07 0.0062262275645177945
0.08 0.006184278187446324
0.09 0.006132999540000364
0.1 0.006074292856748792
0.11 0.0060090259013671765
0.12 0.005937685595546055
0.13 0.0058606233059194796
0.14 0.005778146047571084
0.15 0.005690549411229498
0.16 0.005598128472556821
0.17 0.0055011804186271
0.18 0.00540000410574587
0.19 0.005294898537053852
0.2 0.005186161025187291
0.21 0.005074085339310044
0.22 0.0049589599570494525
0.23 0.004841066471282171
0.24 0.004720678172683915
0.25 0.004598058815824743
0.26 0.004473461569692722
0.27 0.004347128149266022
0.28 0.004219288122051454
0.29 0.004090158381141046
0.3 0.003959942775021916
0.31 0.00382883188321137
0.32 0.0036970029257728937
0.33 0.0035646197951917646
0.34 0.003431833198068654
0.35000000000000003 0.0032987808950230013
0.36 0.0031655880271999615
0.37 0.003032367518562354
0.38 0.0028992205435306867
0.39 0.002766237050931125
0.4 0.0026334963351706125
0.41000000000000003 0.0025010676472635857
0.42 0.0023690108387633413
0.43 0.002237377032681259
0.44 0.0021062093162046297
0.45 0.001975543451150155
0.46 0.0018454085982834434
0.47000000000000003 0.0017158280530536751
0.48 0.0015868199902955432
0.49 0.0014583982164229764
0.5 0.0013305729277899442
0.51 0.001203351474717354
0.52 0.0010767391304542656
0.53 0.0009507398651395493
0.54 0.0008253571244248165
0.55 0.0007005946128850471
0.56 0.0005764570819336706
0.5700000000000001 0.0004529511220685567
0.58 0.00033008595862395185
0.59 0.00020787425032378626
0.6 8.633288876971901e-05
0.61 -3.451620315182702e-05
0.62 -0.00015464527688149876
0.63 -0.000274019971744921
0.64 -0.00039259854133090466
0.65 -0.0005103310985983545
0.66 -0.0006271588869938977
0.67 -0.0007430135860606729
0.68 -0.0008578166614321009
0.6900000000000001 -0.0009714787704517835
0.7000000000000001 -0.0010838992361094507
0.71 -0.0011949656031307737
0.72 -0.0013045532913451285
0.73 -0.0014125253625199563
0.74 -0.0015187324172070277
0.75 -0.0016230126387688226
0.76 -0.0017251920014839384
0.77 -0.0018250846588190733
0.78 -0.0019224935263593979
0.79 -0.0020172110715556413
0.8 -0.0021090203180501588
0.81 -0.0021976960659601807
0.8200000000000001 -0.0022830063173465837
0.8300000000000001 -0.002364713872593169
0.84 -0.002442578012232313
0.85 -0.002516356060115882
0.86 -0.0025858043373962886
0.87 -0.0026506773098763925
0.88 -0.0027107219601608945
0.89 -0.0027656599402023363
0.9 -0.0028151386636575404
0.91 -0.0028586033039422476
0.92 -0.002894966435747215
0.93 -0.002921757105880038
0.9400000000000001 -0.002932923076173835
0.9500000000000001 -0.002913128683493249
0.96 -0.0028228828749309737
0.97 -0.0025595374627507272
0.98 -0.0018544271827903441
0.99 0.0
