0.0 0.0
0.01 -0.0011825589838360129
0.02 -0.0016333913316855103
0.03 -0.0018078984321889813
0.04 -0.0018784641084305942
0.05 -0.0019105628208879871
0.06 -0.0019291506726828306
0.07 -0.0019437764955840958
0.08 -0.0019581112203657935
0.09 -0.0019735763251153143
0.1 -0.0019907301164166086
0.11 -0.0020097991892929074
0.12 -0.002030882879289833
0.13 -0.002054032187967375
0.14 -0.0020792803552018707
0.15 -0.002106654738896485
0.16 -0.0021361814420471636
0.17 -0.0021678871143712697
0.18 -0.002201799648085187
0.19 -0.0022379484377582637
0.2 -0.002276364466234637
0.21 -0.0023170803189840466
0.22 -0.0023601301670625463
0.23 -0.0024055497341980703
0.24 -0.002453376253560083
0.25 -0.002503648416233434
0.26 -0.00255640631160646
0.27 -0.0026116913592062058
0.28 -0.0026695462313482826
0.29 -0.0027300147655701795
0.3 -0.002793141865993984
0.31 -0.0028589733923388427
0.32 -0.002927556035541082
0.33 -0.0029989371785949653
0.34 -0.003073164741247067
0.35000000000000003 -0.003150287007167088
0.36 -0.003230352431869629
0.37 -0.0033134094300383415
0.38 -0.00339950614019785
0.39 -0.003488690165198774
0.4 -0.003581008286485665
0.41000000000000003 -0.0036765061503360452
0.42 -0.003775227923892288
0.43 -0.0038772159192537736
0.44 -0.0039825101832619
0.45 -0.0040911480512551
0.46 -0.004203163662557033
0.47000000000000003 -0.0043185874359207704
0.48 -0.004437445503060813
0.49 -0.004559759098628213
0.5 -0.004685543905332823
0.51 -0.004814809352761268
0.52 -0.0049475578695531985
0.53 -0.00508378408818351
0.54 -0.005223474002779421
0.55 -0.005366604080718693
0.56 -0.00551314032956482
0.5700000000000001 -0.005663037321750816
0.58 -0.0058162371805093455
0.59 -0.005972668531452896
0.6 -0.006132245425529564
0.61 -0.006294866240610306
0.62 -0.006460412570250401
0.63 -0.00662874810976502
0.64 -0.006799717551837989
0.65 -0.006973145505035153
0.66 -0.007148835450978899
0.67 -0.007326568757710025
0.68 -0.007506103768240013
0.6900000000000001 -0.007687174985396006
0.7000000000000001 -0.007869492375525353
0.71 -0.008052740814715256
0.72 -0.008236579702568664
0.73 -0.008420642768577347
0.74 -0.008604538095658767
0.75 -0.008787848383309885
0.76 -0.00897013146637135
0.77 -0.009150921091164235
0.78 -0.009329727914250407
0.79 -0.009506040600355675
0.8 -0.009679326670265359
0.81 -0.009849032173233699
0.8200000000000001 -0.010014577773199348
0.8300000000000001 -0.010175344990867585
0.84 -0.01033063633830232
0.85 -0.010479566980068494
0.86 -0.010620777274222004
0.87 -0.010751676487171305
0.88 -0.010866457342616417
0.89 -0.010950881415847102
0.9 -0.010968563614614998
0.91 -0.01082483286015068
0.92 -0.010271332548951115
0.93 -0.008653749193933136
0.9400000000000001 -0.004243708258060072
0.9500000000000001 0.0075324659766297375
0.96 0.03879025005864928
0.97 0.12162087539246406
0.98 0.3408951688037941
0.99 1.0
