0.0 0.0
0.005 0.03296841692527003
0.01 0.06350064605745992
0.015 0.09163117109426346
0.02 0.1173988441363553
0.025 0.14086213755861926
0.03 0.16210791028519309
0.035 0.18125417515836212
0.04 0.19844786125931105
0.045 0.21385886249146788
0.05 0.22767177472105807
0.055 0.24007667050152787
0.06 0.25126008299549074
0.065 0.26139710538762967
0.07 0.27064520849834145
0.075 0.2791400722635848
0.08 0.28699345693980877
0.085 0.29429292400148066
0.09 0.30110307448696205
0.095 0.30746789710137373
0.1 0.31341380997185714
0.105 0.3189530153401955
0.11 0.3240868578641028
0.115 0.32880895782506275
0.12 0.3331079766358895
0.125 0.33696994244899225
0.13 0.34038012423432645
0.135 0.34332447937111865
0.14 0.34579072663573324
0.145 0.34776910286277
0.15 0.3492528655436709
0.155 0.3502385938373287
0.16 0.3507263357781982
0.165 0.3507196355944475
0.17 0.35022547079608063
0.17500000000000002 0.34925411669212647
0.18 0.3478189554253471
0.185 0.3459362376717743
0.19 0.34362480808191104
0.195 0.34090579872715193
0.2 0.3378022999622094
0.20500000000000002 0.3343390121495777
0.21 0.33054188786465033
0.215 0.3264377681550407
0.22 0.3220540228624578
0.225 0.3174181984169244
0.23 0.3125576828481272
0.23500000000000001 0.30749939049203323
0.24 0.3022694750238196
0.245 0.2968930716279225
0.25 0.291394075162494
0.255 0.28579495303071617
0.26 0.28011659754544976
0.265 0.2743782143587822
0.27 0.26859724975074667
0.275 0.2627893515081573
0.28 0.2569683645630508
0.28500000000000003 0.2511463548086581
0.29 0.2453336611647618
0.295 0.23953896861849436
0.3 0.23376940177409025
0.305 0.22803063154428166
0.31 0.22232699447061693
0.315 0.21666161770721276
0.32 0.21103654947361108
0.325 0.20545288876377465
0.33 0.19991091464986177
0.335 0.19441020991985705
0.34 0.18894977999239854
0.34500000000000003 0.1835281628657847
0.35000000000000003 0.17814353160461094
0.355 0.17279378610273158
0.36 0.16747663606052648
0.365 0.16218967279459376
0.37 0.15693043208215296
0.375 0.15169644640284954
0.38 0.14648528886131265
0.385 0.14129460775743502
0.39 0.13612215399653443
0.395 0.13096580078361392
0.4 0.12582355755710176
0.405 0.12069357798056746
0.41000000000000003 0.11557416359984732
0.41500000000000004 0.11046376328330244
0.42 0.10536096962967605
0.425 0.10026451271194915
0.43 0.09517325187737743
0.435 0.09008616619624518
0.44 0.08500234380239113
0.445 0.07992097093159777
0.45 0.07484132043335953
0.455 0.06976274077467559
0.46 0.06468464486982839
0.465 0.059606499970217976
0.47000000000000003 0.054527817543675826
0.47500000000000003 0.0494481445949836
0.48 0.04436705499622035
0.485 0.039284142494605725
0.49 0.034199013653026314
0.495 0.0291112825991261
0.5 0.02402056557364635
0.505 0.01892647734730392
0.51 0.013828627281574886
0.515 0.008726617274207763
0.52 0.003620039198182416
0.525 -0.0014915257821722975
0.53 -0.006608508527890393
0.535 -0.011731351382974178
0.54 -0.016860508354517204
0.545 -0.021996443454890116
0.55 -0.02713962981335365
0.555 -0.0322905469717113
0.56 -0.03744967895257503
0.5650000000000001 -0.04261751053666084
0.5700000000000001 -0.047794524275930665
0.5750000000000001 -0.052981195749889194
0.58 -0.05817798948940194
0.585 -0.06338535319690179
0.59 -0.06860371254736083
0.595 -0.0738334643723498
0.6 -0.07907497033819492
0.605 -0.08432854914709126
0.61 -0.08959446917104363
0.615 -0.09487293982859996
0.62 -0.10016410339270203
0.625 -0.10546802587762215
0.63 -0.1107846884611263
0.635 -0.1161139784881777
0.64 -0.12145568128216613
0.645 -0.1268094722741578
0.65 -0.13217491046380153
0.655 -0.1375514332600558
0.66 -0.142938353540019
0.665 -0.14833485959470039
0.67 -0.15374001868300352
0.675 -0.1591527855760564
0.68 -0.16457201677489253
0.685 -0.16999649259443592
0.6900000000000001 -0.17542494784931903
0.6950000000000001 -0.18085611423297648
0.7000000000000001 -0.18628877525880586
0.705 -0.1917218377976497
0.71 -0.19715442123761773
0.715 -0.202585969180501
0.72 -0.2080163847399196
0.725 -0.2134461949550545
0.73 -0.21887674502468638
0.735 -0.22431042780562255
0.74 -0.22975094803256063
0.745 -0.2352036253370686
0.75 -0.2406757326324744
0.755 -0.24617687036769104
0.76 -0.25171936764233943
0.765 -0.25731870373557986
0.77 -0.2629939315504022
0.775 -0.26876808496660926
0.78 -0.2746685370925493
0.785 -0.28072727442433565
0.79 -0.28698103407318987
0.795 -0.29347124717954265
0.8 -0.3002437122330705
0.805 -0.3073479179715928
0.81 -0.3148359180307448
0.8150000000000001 -0.32276066027002986
0.8200000000000001 -0.3311736648648872
0.8250000000000001 -0.3401219594687708
0.8300000000000001 -0.34964419050688134
0.835 -0.35976587011276495
0.84 -0.3704937628453861
0.845 -0.38180949733131037
0.85 -0.3936625789503935
0.855 -0.4059631084433789
0.86 -0.41857464635085895
0.865 -0.43130782219222885
0.87 -0.44391542801682504
0.875 -0.45608986062757717
0.88 -0.4674638306716742
0.885 -0.47761522975786463
0.89 -0.4860768838560491
0.895 -0.49235162135977395
0.9 -0.4959326238313269
0.905 -0.4963284502222669
0.91 -0.49309147171244194
0.915 -0.4858478287236735
0.92 -0.47432651750493315
0.925 -0.4583849505565231
0.93 -0.43802838197430166
0.935 -0.4134209868125925
0.9400000000000001 -0.38488709244023533
0.9450000000000001 -0.35290199540250955
0.9500000000000001 -0.3180728183509438
0.9550000000000001 -0.2811108248971485
0.96 -0.24279737637553603
0.965 -0.20394618875010714
0.97 -0.16536467358125798
0.975 -0.1278169205657867
0.98 -0.09199033653513634
0.985 -0.05846718112545668
0.99 -0.027701357696686874
0.995 0.0
