0.0 0.0
0.005 -0.018286631661617987
0.01 -0.03574898748381985
0.015 -0.05243870177109332
0.02 -0.06840515669351785
0.025 -0.08370004003132532
0.03 -0.09837992127596688
0.035 -0.11250694095986949
0.04 -0.12614785743263587
0.045 -0.13937180491556117
0.05 -0.1522471851458676
0.055 -0.16483814060097252
0.06 -0.17720104052080815
0.065 -0.1893813556053267
0.07 -0.2014112113296454
0.075 -0.21330780486029866
0.08 -0.22507276027854606
0.085 -0.2366923949555927
0.09 -0.24813878798529165
0.095 -0.25937148698074763
0.1 -0.2703396646170282
0.105 -0.280984538402351
0.11 -0.2912418897670965
0.115 -0.3010445530928746
0.12 -0.31032478310832157
0.125 -0.31901644310949145
0.13 -0.32705698231331554
0.135 -0.3343891867999929
0.14 -0.340962695874571
0.145 -0.346735276805714
0.15 -0.3516738489216831
0.155 -0.35575524587130375
0.16 -0.3589667046146863
0.165 -0.36130607250154834
0.17 -0.3627817297592126
0.17500000000000002 -0.36341223323486743
0.18 -0.3632256972534981
0.185 -0.36225893773755186
0.19 -0.3605564151279138
0.195 -0.3581690192108753
0.2 -0.3551527440561571
0.20500000000000002 -0.3515673035908115
0.21 -0.3474747378548629
0.215 -0.3429380569360664
0.22 -0.3380199643771431
0.225 -0.3327816950201179
0.23 -0.32728199438263
0.23500000000000001 -0.3215762583307927
0.24 -0.31571584355344906
0.245 -0.30974755160354195
0.25 -0.3037132824018796
0.255 -0.29764984733598204
0.26 -0.29158892756409716
0.265 -0.28555715988772096
0.27 -0.2795763305400263
0.275 -0.27366365634578355
0.28 -0.267832132790759
0.28500000000000003 -0.26209092942069734
0.29 -0.2564458144889111
0.295 -0.250899592707715
0.3 -0.24545254216715945
0.305 -0.2401028388192826
0.31 -0.23484695926563984
0.315 -0.22968005483352677
0.32 -0.22459629200974565
0.325 -0.2195891561703632
0.33 -0.21465171717056067
0.335 -0.2097768567276784
0.34 -0.204957458643074
0.34500000000000003 -0.2001865637755057
0.35000000000000003 -0.19545749231868076
0.355 -0.19076393637187725
0.36 -0.18610002605123624
0.365 -0.18146037249786337
0.37 -0.1768400911242227
0.375 -0.17223480832829852
0.38 -0.1676406547192707
0.385 -0.16305424766039098
0.39 -0.15847266566267942
0.395 -0.15389341687298894
0.4 -0.1493144036045601
0.405 -0.14473388456787645
0.41000000000000003 -0.14015043618239334
0.41500000000000004 -0.1355629140911683
0.42 -0.13097041576451093
0.425 -0.12637224486779944
0.43 -0.12176787788345884
0.435 -0.11715693331775451
0.44 -0.11253914368856772
0.445 -0.10791433037915882
0.45 -0.10328238135325407
0.455 -0.09864323165640713
0.46 -0.0939968465752204
0.465 -0.0893432072873319
0.47000000000000003 -0.08468229880896622
0.47500000000000003 -0.08001410003112358
0.48 -0.07533857562824667
0.485 -0.07065566962273322
0.49 -0.06596530039342136
0.495 -0.061267356924891415
0.5 -0.0565616961058232
0.505 -0.051848140898069474
0.51 -0.04712647921249362
0.515 -0.0423964633425968
0.52 -0.0376578098220101
0.525 -0.032910199586639224
0.53 -0.028153278336531962
0.535 -0.023386657006129352
0.54 -0.018609912264439962
0.545 -0.013822586978891957
0.55 -0.009024190588035145
0.555 -0.004214199339214169
0.56 0.0006079436423659786
0.5650000000000001 0.005442828476751236
0.5700000000000001 0.010291078858438744
0.5750000000000001 0.015153352595933872
0.58 0.02003034235640547
0.585 0.024922776600444514
0.59 0.029831420681953654
0.595 0.03475707807787151
0.6 0.03970059170168194
0.605 0.04466284524336041
0.61 0.04964476446665323
0.615 0.05464731838226107
0.62 0.05967152020270553
0.625 0.06471842797143412
0.63 0.0697891447453646
0.635 0.07488481819640798
0.64 0.08000663948427192
0.645 0.08515584123985967
0.65 0.09033369448651639
0.655 0.0955415043155215
0.66 0.10078060412306938
0.665 0.10605234820910207
0.67 0.11135810253429915
0.675 0.11669923343092126
0.68 0.1220770940667824
0.685 0.12749300847000974
0.6900000000000001 0.13294825293609444
0.6950000000000001 0.13844403465887273
0.7000000000000001 0.1439814674539053
0.705 0.14956154447698758
0.71 0.155185107882509
0.715 0.1608528154164784
0.72 0.1665651039971954
0.725 0.1723221504028443
0.73 0.17812382925900058
0.735 0.18396966859965685
0.74 0.18985880336165611
0.745 0.19578992726275743
0.75 0.20176124360623154
0.755 0.20777041564710247
0.76 0.21381451724445466
0.765 0.2198899846070518
0.77 0.22599257001237497
0.775 0.23211729843834644
0.78 0.23825842808853015
0.785 0.24440941581231157
0.79 0.2505628884189115
0.795 0.25671062085815394
0.8 0.26284352219489676
0.805 0.2689516302487498
0.81 0.2750241157280571
0.8150000000000001 0.28104929669953566
0.8200000000000001 0.28701466437786055
0.8250000000000001 0.2929069216230444
0.8300000000000001 0.29871203641416794
0.835 0.30441531427633123
0.84 0.3100014967206817
0.845 0.31545489804075694
0.85 0.32075960148258204
0.855 0.3258997494986886
0.86 0.33085998358158203
0.865 0.33562611944025306
0.87 0.3401861853611932
0.875 0.3445320069831086
0.88 0.34866158981346573
0.885 0.352582627090014
0.89 0.35631753427757845
0.895 0.3599104632182374
0.9 0.3634367489978385
0.905 0.3670151507994372
0.91 0.3708230165864465
0.915 0.37511408161911675
0.92 0.38023796377305275
0.925 0.38665953041191026
0.93 0.39497521033331984
0.935 0.4059220986797227
0.9400000000000001 0.4203745198203702
0.9450000000000001 0.4393218356603533
0.9500000000000001 0.463821086213477
0.9550000000000001 0.4949190088243855
0.96 0.533540672247948
0.965 0.5803469620203439
0.97 0.6355709028307095
0.975 0.6988533707148533
0.98 0.7691115576328953
0.985 0.8444871138558159
0.99 0.9224325572026777
0.995 1.0
